Salle avec rang et obstacle
6.802792748306663
7.46127702589246
6.985255996651753
7.097419261433695
7.145565956243136
6.572989333650493
7.217267121914499
7.422130439806788
7.135874498924235
7.491899506334679
7.2577558984853505
6.945479556211388
6.544172554025835
7.748750826499126
6.856821003329308
6.885360479540698
7.6161696990841605
6.793531077977132
6.62895683964247
7.086665562517829
6.48704880702978
7.480869722623539
7.254413978189299
7.416184869361026
7.255043057887159
6.814187324900935
6.873790448282074
6.867665183640726
6.901187429876043
6.916067057560254
6.8042685079412975
7.176743203219874
7.608827159515289
7.438663038073567
6.929008878466252
7.221553110515718
7.223766644384694
7.362321097459638
7.215400565022494
7.148309941358744
7.569513405192817
6.436547330220799
6.817645841005319
7.183352049843521
6.289521829202212
6.979114916556604
7.345915443915023
6.962139076869551
7.80760297030985
7.252186706850873
6.832707549042041
6.8911571619727825
6.98131846728822
7.651417832310057
7.525682490952444
6.586256096499721
6.3546375745344355
7.562966031000659
7.323648942370125
7.334869683095601
7.531807445355964
7.120709280924374
7.172006417568141
7.693551029334063
7.0676948221065725
7.456618139921447
6.899200518865535
7.69828228772505
7.063107558676626
7.4412348247521285
6.601743084068248
7.5185391212569845
6.823681764555345
7.16114126096855
7.310115050015675
7.096942127737358
6.249451951224696
6.7491818963498345
6.573461342128628
6.971893466653788
6.686269612729042
6.873110292553235
7.424971032383832
7.527627487506618
7.544901445322001
6.9720792088525325
6.708880535643601
7.069019968666677
7.482204537889535
5.813310013149624
6.6127534160487675
7.149731260256697
7.370118431227891
6.619696708166958
6.797188996020932
6.99551808277595
7.531071708538374
7.4177590790367125
7.113479932559074
6.797755987143828
7.673806574438775
7.571295911983543
6.379038441935561
7.328147742526265
6.303249109317708
7.455604344837401
5.964415665938091
7.090255165442755
7.143995459919341
6.421580071210051
6.479245360124978
7.095524201422813
7.25753552936327
7.594093041123069
7.269516282432253
7.20899653211391
7.452359761726942
6.965577861596755
7.38250995011177
7.0732975397710955
6.47403882691951
7.052259075471732
7.6041937294095145
7.367881342066429
7.364321903504734
7.126117925243242
6.358961866602663
6.896813766904239
5.519110281210742
7.568024438436027
7.713737522502727
6.860882932997018
7.0176604673482945
7.587439371317029
6.623893373125404
6.354657968990607
7.672853583944866
6.829214106063543
6.81801522934625
6.43778860362535
7.634574377152948
7.422551091205638
7.385531376448176
6.99401846783292
7.122849284265607
7.164053799121852
7.469953733347573
7.783439904216707
6.567027754273846
7.203884008260231
6.662664645744756
7.4578821173876
7.370429785077337
7.28140356746289
7.125974709825476
6.9178756352337345
7.631953134783618
7.686775842032172
6.5778502334686495
7.569606719321029
7.302312833672538
7.213528078545143
7.766651404855165
7.213560423676839
6.9166297291773216
6.1920094879660486
7.243231970533937
7.487997552988728
6.719737125597757
7.1726128600569
7.524419569339057
7.679865809508485
7.354395272050032
6.207464240871419
7.168848784673042
6.860310794837116
6.549137861273014
7.100526340794822
8.058757814295722
6.665433338838313
7.134101482961162
7.446265362511082
7.227771517988395
6.521472677548825
6.648196151225839
7.265733645397767
7.287927925401218
7.179485512822371
7.078262849739824
7.3245189394707495
6.77805637892046
7.409466312035771
6.753293142473475
7.563990232663943
7.12959646415389
7.187036009374088
7.314928600811007
7.016600125978833
6.854810063251767
7.5167175660726375
7.765476038739134
6.742074455487504
6.382599921023027
7.743891149244983
6.954912140428865
7.8699145527253105
6.932574032139276
7.261372628496631
7.0760000990225445
7.4976055296518185
7.409306519476329
7.45265668107217
6.936286583419916
7.37001035952563
6.167913037220108
7.312591983014027
6.814884697935685
7.790229394452778
7.485817411741189
7.165082910782195
7.365180907916869
7.217366510858842
6.857419342666452
6.962409075307723
7.77650214581566
6.960313133483944
7.558072569225143
7.27996211941759
7.002053072534978
6.703784821535962
7.571822204458996
6.092910349277169
7.038823426466931
6.222116636892091
7.204513730880294
7.653608217341996
7.242022755103517
6.855130488909498
6.852617189358913
7.706113295692248
7.222767572030649
7.510663440129804
7.5063008285986905
6.357312698089436
7.104216061835989
7.976712039453661
6.8766307962513755
7.531609132092029
7.535869270762666
7.013822807977584
7.148274057613689
6.394433123154962
7.0703888145128
6.123534627294278
7.150187726584155
7.587782595350454
6.768226119768449
7.1623863868155
7.454228963000566
6.757857887968867
7.241799204636105
6.464325021995716
7.048591996661295
6.949343931013129
7.068101762868079
7.662804256948992
7.410496842031751
7.274501238695483
7.797312303480787
6.753569776459893
7.615298861442234
7.721176671986998
7.452798979494933
6.668129047771338
6.76422234231666
7.305902150817302
7.431184091964156
7.612650173409352
7.326141959863265
7.140592501022362
7.295669867010595
6.852622275200141
7.155437958590735
7.449915830492273
6.813528180199885
7.243167100848482
6.967290109909754
8.088207422035836
6.95146052914862
6.173110240973731
7.347802011632499
6.46139332425971
7.2220084966251346
7.5125427708251715
7.732796063292599
7.202585055646364
7.625817981944416
7.5159719192507985
6.610288400604968
6.999937584032865
6.448061886004455
6.602376232626056
7.279536100532645
7.038538301822698
6.974222064178118
7.154206330958102
7.069602741285183
7.36791110992583
6.610051384219536
6.438246323905638
6.888486607353947
7.3769463638646
6.581901929838745
6.815039815801793
7.419853304089448
6.968056460216172
7.901087007426729
6.965709541647318
7.290136790968843
7.823093367902772
7.366047174831619
7.017528940791621
7.208073895025735
6.520654600613258
7.217390647838789
7.547159949976706
6.950810936414308
6.918478515953396
6.118277739302846
7.171294051471568
7.184783993337551
6.666696386699949
7.10924793624616
7.6469780897321975
7.504207457329755
7.189371919635966
7.624635556816746
7.143250514133211
7.782639999109074
7.549400063351416
7.130892234484446
7.75708134596557
6.8277482577945525
6.781292656257887
7.182077881800563
7.7697704711430875
6.836074695932191
6.815685569830463
7.581821221818352
7.496781309564372
7.4223979957978
7.222656612082781
6.630591573053224
6.943356540973719
7.302777586676859
7.449420679032846
6.4759295058619095
7.522716444253279
7.603017614722991
7.4521649511726675
7.37228286927881
6.079768140513864
7.331383017188461
7.4562776537083275
6.8689867354359055
7.09174890672044
6.291527683095437
7.292495919285516
6.996549362258909
7.4952067225415195
7.260828880786908
6.686119099558931
6.9986196866362365
7.0933576293384935
6.970228920346143
7.195715682864734
6.769569412123479
7.192394903115335
6.769501355996115
7.137754619084043
6.889042748679921
7.150615133528798
6.5537027349218455
7.721584915679095
6.616572183815016
6.783591761732189
6.89703506297466
7.257622586863783
6.467463312131433
6.727924734696806
7.083727183737611
7.511962890552359
7.030316423178371
7.658754663798767
7.068306196716998
6.102894688601287
7.747549605756709
7.248143423401867
7.028122555166269
7.285971954150485
6.641417008507053
6.660419824269382
6.393970975535992
6.574586958252445
7.436206466198018
7.112259681926847
6.984653050752778
7.1822631754788615
7.331986703877468
7.1408879653368
6.90298633092298
7.181747664563981
7.169027821496021
7.109026202633976
6.057610068005115
6.959821081868034
6.081905325161521
7.0855641569054
6.800210282286203
6.811510499624611
7.591191956415177
7.03475198973299
7.549478546779253
6.786332866904277
7.638479348206528
7.31931051403459
7.584024895933233
6.616643934273206
6.5643777349460155
7.620813458423368
6.7326886754022714
7.212777171503077
6.393266715280563
6.875189178193019
6.806057886241226
7.506343506897257
7.253341137133632
7.353596063670735
6.939347489185583
7.811577823865083
6.778695430693313
7.04363635382272
6.7565139801884335
7.010838029480037
7.385209512012678
7.46689308598097
6.688067123154741
7.064051236825725
6.3903030035958
7.14548456502094
6.9299426978471
7.4904075139102035
7.189205332354114
7.0339113450304565
6.647036644047117
6.973625304831
6.8782211032136145
7.06188944362336
6.103963802755654
7.803501391977454
7.023084367552517
7.109150640494587
7.175357120949801
6.87710562987848
6.409792750760521
7.013034331484164
7.003431014896726
7.025127135783785
6.825210681526718
7.750114588178737
7.247096113545225
7.3801094257666335
7.394227402304685
7.539231922959647
6.807123505675902
6.843799698991984
6.732509321691967
6.7150237211615345
7.24277922657491
6.7448316036361495
7.367216557321562
7.690839413071601
6.796015268491395
6.632044851334947
7.52970676141977
6.949628391129782
6.648640438253242
7.415613847249602
7.005567026922278
7.119563878355271
7.266964789031127
6.443472294934412
6.5851763896246265
7.306102095173544
7.184746356329188
6.973047977731704
7.288671702935955
7.077876379517728
6.8110950716287535
6.6857863502766515
6.868314562205111
7.455884529027564
7.522039623019135
7.369752181827078
6.830006568682627
7.369160122272961
7.03301559019284
7.141348940758995
6.595332611294834
6.6866894736489515
7.129686834768417
7.427786332798591
7.065665975354653
7.112475676468205
7.66321232941093
7.047343413931287
7.49565715032842
7.2280559877970765
7.966746638030585
6.813480967264169
6.369596627228163
7.283594323012509
7.52996718012309
6.349469943298637
7.60020739867284
7.747368236178436
7.3076758581385794
6.799897827040006
7.031839943293186
7.1600740025261445
7.990305029399287
7.228852353317149
7.275615167872408
7.00718288343599
7.320037747005973
6.827410852541198
6.985468960184527
6.447551111816636
7.287667043294241
7.3520023947631445
7.18888090393184
7.248104774537463
8.322455128175596
7.685078971001581
6.999426580514607
7.119199109672945
7.400525414055729
7.373676393049457
7.875511091348884
6.08523659806523
7.217183704698625
7.68333020346112
8.076412707929945
8.155668609645982
6.625406131568612
7.3079962261031675
7.11211664885701
7.503649842407132
6.84076751869931
6.909532966415523
7.950202864421636
7.176373867385884
7.729308432559763
7.068199172744161
6.784972654009885
6.959195366974859
7.074360309867906
6.534332854906236
7.148670687068345
6.74806455224142
7.919892884321951
7.2142357361960485
6.417248177722349
7.662775630178253
7.367343103321032
7.187335721418166
7.498274374829172
7.251660026261518
7.7060882343007355
7.107289134777037
6.7184162773923095
6.758384664740848
6.989487435513098
6.87102316363537
7.444521424147946
6.750251103060792
6.756152952617583
7.104145538547769
7.1750519993075645
7.787946827184194
7.235321284238764
7.208205490285258
7.5351807970740055
7.210805250125083
7.108502840642889
7.680731641286164
6.526881503688317
6.460222237266464
6.588336999562674
7.276491045550617
7.378045958828221
6.96265212572516
7.52778578142586
7.829265894106764
6.348880868532625
7.2081543087265425
7.562757244225496
6.724920969627695
6.914510682874393
7.269979207033326
6.705972007654041
6.911539990683452
7.746685637553721
7.591563368621405
7.374782128529743
7.278102380278479
7.617386547778487
7.21817765288751
7.707687746418117
6.169235922019281
6.8532604040757255
7.288199390679796
7.186393117706628
7.287121593205595
6.422948457572465
7.045930543841659
7.465775065849938
7.419465506712621
7.150096028100395
7.200570897309062
7.136784661123248
7.067705698284646
7.338880845735833
7.121164485061016
7.217059845831592
6.669471264382351
7.439594824118959
6.015652738307665
7.221102921826455
6.219552169523593
7.296419175004814
6.705389009140245
7.420499657273765
6.985422376870921
6.508660510417851
7.454828499886332
7.575898226968734
6.2890710146681466
6.992101956761227
7.96415900445384
6.995873098193058
6.7082539453430545
7.76738460864272
7.418473158197152
6.413115414467253
6.785843044193542
6.008085717473629
7.326907644298651
6.87080826905117
7.681626878195146
7.463097908775597
7.110783784613473
7.347020300227527
6.6175338705485185
7.371203921323428
6.763410123465696
6.136935298679351
7.11708662130967
6.89182391018021
7.12008532503881
7.353225787817107
7.163817283538354
8.19731337465825
7.374637326033535
6.960842932935023
7.242760528570024
6.88323183954692
6.785109705932141
6.950040596001239
7.03535813915557
7.058576345353368
6.295280797876029
6.926315618480164
6.371768656577012
6.290487934304258
6.972295023509464
7.242675881053526
6.750823569843183
7.212940546897456
6.619950443855277
6.985918339160104
6.764820518361478
6.621682980707917
7.360275065144856
6.785697525314136
7.548023852819747
7.162690243489508
7.387568158107356
7.048090735589659
7.050015905977589
6.9402760451478205
7.660029367841134
6.691938631602909
6.630421910804315
7.5193022079407426
6.636045279593344
7.1907544297411645
7.830545912103308
7.677844420986839
7.04715861299141
7.081061676873992
7.14082268682541
6.298056571724127
7.457109340337281
7.01674254743832
6.999876082134896
6.943200295916299
7.213489942986544
7.241522197566401
7.033490027179579
7.044041015313125
6.337103116374213
7.111948904323608
6.37633635059803
6.786936564834735
6.502811898275278
6.870212847762838
7.038443960094434
6.887222581190917
7.330154424485984
7.998500220778671
6.935369443097371
7.552468634999799
7.909080071036621
7.463996596801212
6.812538109641495
7.3774906447458495
6.917645244070517
6.53501137038374
7.09363293129229
6.692924866965333
6.261229893444001
7.052075089409527
7.467626200343648
7.919431515849982
7.568225567247487
7.155410012813874
6.848892145262162
6.7759562510573454
6.4265996367981755
6.916473679322832
7.0040904545920935
7.100048482860565
6.138852312639142
7.520402834383096
7.342517322560189
6.330658257512725
7.216595524241124
7.117719636795195
7.266770768918058
7.190189019362872
6.7809696841596585
7.069435341059893
7.412262845078522
7.228905124897758
7.052233978413444
6.971987758029169
7.344299223117916
6.397000878295263
6.321685207082518
7.635267819353914
7.380148370525105
7.586392849627575
6.345788843211164
6.200170694236367
7.88118239293269
7.450922390236332
7.509801854887637
7.4595083781881755
6.965071092118806
6.35738892958037
7.331796339917617
7.545183638809791
7.182813619108632
7.140368487605274
7.609010375601722
7.454006479455398
6.567835919318548
7.190307395342452
7.402216361846112
7.0840927406308465
7.101305406032662
6.893327306906253
7.281212178900849
6.707227314359738
6.326294069645903
7.422406327828739
7.94899700242762
7.4399877367668505
6.968100403544227
6.681888244334362
7.3522169721233
7.598894963586002
6.698038443044459
6.7679960397963175
7.440474255546885
6.092279516870278
7.0722836616909825
7.171328107096537
7.340290630676524
6.687416524006908
6.911408652319172
7.339436582479604
6.415782587622543
7.750467490328239
7.417627710230931
7.156308829037513
7.865964337113176
7.249211826410978
6.396642241193108
6.899818569552514
5.997677243228323
7.077864160842119
7.37445440005019
7.354956586639509
6.822086789314433
7.35994792487279
6.837965012913171
6.949019553650977
7.816484666877472
6.963089030014841
7.189730983206274
6.936247712216374
7.106819202182201
7.1806016254109775
7.702862332977724
7.534119343034122
7.019957438986671
7.655098429456958
6.8790997268339344
7.1424878922255175
6.176442849500644
7.613770254243902
7.5572725967656895
6.665146865253854
7.544677842093218
7.528840255259554
6.951299089323815
7.4489110607407945
7.249352641540257
6.938516349311266
7.584989343578172
6.5098824048375
6.6650269587267905
7.184571662296305
7.158021569703018
7.353213066675634
6.879196298261919
7.586612521264206
7.685558985468406
7.473898036070138
7.323363648746887
7.081880391119861
6.5957460893579904
6.806901555832242
6.5820866872871715
7.538216490317005
6.555402160136696
7.495502932618584
7.670210851086226
6.697846325608317
7.21322518121061
6.552603363798241
7.32504799817123
7.694676773527167
7.225285620408745
6.9967180186261295
8.141553763731425
7.7495604994363285
7.489245701428093
7.123120742723593
6.5870092251116255
8.038348407138466
6.966596118583792
7.352250255255803
6.963914104274275
7.6670114449213225
7.790676855296063
6.483391787547428
6.942846145335003
7.144988037561656
7.463196089249888
7.123586431298954
7.227123170915803
7.599105409769345
7.377363856189284
6.5229451126094915
7.6569082038080145
7.33354838754331
6.6596280104785865
7.557929075201368
6.768457390633939
7.250379899622204
6.7741021432169575
6.53420989239263
7.149508773771384
6.570425184792259
6.7417282551335775
7.96748022293681
7.594952298440874
7.024507924620245
7.6096709026459175
7.108104857527534
7.096071672879856
7.194134113970186
7.65586677545637
7.388546973275651
7.434837767406307
7.3566352734556695
7.766144755183776
7.202944705136047
7.454837588364638
7.230404117924178
7.380697398509634
7.434109374792453
7.010492854653801
7.038439595058871
6.35794915418782
6.796503566957746
6.9812708892544375
6.985502077127048
7.531530611789839
7.128266271319157
6.959533687142406
7.6479802264629955
7.2347011623560915
7.541702352300193
6.9249842561385275
7.4656185538986986
6.846590812084769
7.097917985078952
7.662273484118284
6.717141433593632
7.041717501705875
6.659219233408988
7.2496531887269615
6.72331875098331
6.268166508794503
6.4351646951692985
7.390722948246287
7.236479768864567
7.575842012926474
7.441738406550295
6.858334379017726
7.249676552638869
7.396913377807041
7.660955435689252
7.189771018295298
7.184522883646756
6.387105516461181
7.204220312944145
6.70256934932016
6.902757659112749
6.9760308422077735
7.310814585877793
7.417073397095546
7.1720593721231225
7.111858472464826
7.13681718333198
6.608286995707128
6.975356775759311
6.57286771758854
7.632613710936619
6.894370826635691
6.931807783804415
7.207243049300511
7.402755690918926
8.005142696999354
6.53751425553255
7.138293257447771
7.042231306891932
7.475157035997458
7.5519177482789
6.509076317801895
7.216538143741394
6.896236332296017
6.975890757281303
6.821601583718933
7.230160258906365
6.873295176160851
7.143312109637395
6.964536391092267
7.338623037140039
6.840099687179927
7.144784879054547
6.401139167548109
6.766800163580927
7.202660070274196
7.281809741927808
7.382262299976398
